8.59209E-06	
0.129625	
0.0126927	
1.03545E-07	
0.0145102	
1.74837E-05	
0.00248041	
0.0202691	
0.0202868	
0.000269286	
0.00678913	
4.07656E-05	
0.000938628	
0.000555318	
0.00173404	
0.0259775	
0.00680263	
0.00120163	
0.00309946	
0.0437427	
0.00548	
0.0192729	
0.00312341	
0.000213904	
6.76849E-06	
0.000402181	
0.00480551	
0.149501	
0.000177154	
0.00147176	
0.000867934	
3.21793E-05	
0.0292361	
2.45669E-05	
0.0377953	
0.000262148	
0.000240692	
0.00280847	
0.0625374	
0.00098584	
0.00174826	
7.89053E-06	
7.09643E-05	
1.59728E-05	
0.0224567	
0.033957	
0.00721254	
0.000369822	
0.00190591	
1.25726E-06	
0.0218607	
0.00178636	
0.00049248	
0.0894919	
0.00346603	
0.000977548	
0.00314843	
0.0012452	
2.62844E-06	
0.021405	
